In [5]: a
Out[5]:
          d         a         b         c         e
0  0.289607 -0.030045  1.025320  1.097730 -0.533818
1  1.171039 -0.115246  0.362222 -1.892706  1.319901
2 -1.164828  0.481135 -0.050183 -0.128543  0.567673
In [7]: a.cov()#协方差
Out[7]:
          d         a         b         c         e
d  1.391430 -0.368607  0.323850 -0.828864  0.298164
a -0.368607  0.104039 -0.123205  0.113343 -0.007249
b  0.323850 -0.123205  0.294414  0.429044 -0.350606
c -0.828864  0.113343  0.429044  2.259787 -1.370202
e  0.298164 -0.007249 -0.350606 -1.370202  0.869235
In [8]: a.corr()#相关性
Out[8]:
          d         a         b         c         e
d  1.000000 -0.968802  0.505980 -0.467432  0.271117
a -0.968802  1.000000 -0.703964  0.233756 -0.024105
b  0.505980 -0.703964  1.000000  0.526004 -0.693060
c -0.467432  0.233756  0.526004  1.000000 -0.977648
e  0.271117 -0.024105 -0.693060 -0.977648  1.000000
In [14]: a.corrwith(b.loc[1],axis=1)#计算某一列或行的相关性
Out[14]:
0    0.323507
1    0.151752
2   -0.404825
dtype: float64
